A = rand(3,3)

A =

    0.5472    0.2575    0.8143
    0.1386    0.8407    0.2435
    0.1493    0.2543    0.9293

diary off
get(0,'diary')

ans =

on

diary off
